
@Ugy3L+2}TYgOyvyviz?KiBDJYGs9dOW2m
00100001000001110000011000000001100100000110001001110000010001000011001010100111001100000101111111010001010101000010101110000101010001001010110110010101100111000001010100111010000101010100111000010000

Jakobs 1:   0010000  1000001110000  01  10000000  01  10010000  01  1000100111000  00  10001000  01  100101010011100110  00  00  101111111010001010101000010101110000101010001001010110110010101100111000001010100111010000101010100111000010000
Ripper 1:   0010000  1001110110000  01  10000000  01  10010000  01  1000100111000  00  10001000  01  100001110011100100  00  00  10111111101000101010100001010100010010101000110010001010110110010101110111000001010100111010000101010010111000010000000
Durendal:   0010000100000100110000000011001000001100010011100000100010000110011111111111011000001011111110100010101010000101011010001010100010010101100010010001010110001100000101011101110000010101100110100001010111111010000101010000110100010000
Ragoon:     0010000100000011000001100000000110010000011000100111000001000100001100011111111101000000010111111101000101010100001010111100010101101100101011101110000010101001110100001010100101110000101011101111000010000000
Indiction:  001000010011110011000000001100100000110001001110000010001000011001101111001100100000101111111010001010101011001000101011110001010110110010101010111000001010110011010000101010110100100010000000
Hellhound:  00100001001110001100000000110010000011000100111000001000100001100111011101000001011111110100010101010000101010001001010100011001000101010000110000010101110111000001010111011010000101011000110100010000
Omnibore:   0010000100110100110000000011001000001100100011100000100010000111010010101100111000010111111101000101010100001010100100010101000100101011010100100010101100100101010001110000010101001111000001010110111010000101010110111000010000000000
