


0010000  1000001110000  01  10000000  01  10010000  01  1000100111000  00  10001000  01  100110011100110110  00  00  1010011100100010101010000101011100001010111011001000101011001111000010101001111100001010111011110000101010000110000010101100111000001010100111010000101011000111000010000000000



0010000  1000001110000  01  10000000  01  10010000  01  1011010101000000  00  10001000  01  100110011100110110  00  00  1010011100100010  1010100001010111  00  00  1010111011001000  1010110011110000  1010100111110000  1010111011110000  1010100001100000  1010110011100000  1010100111010000  1010110001110000  10000000


  0010000  1000001110000  01  10000000  01  10010000  01  1011010001000000  00  10001000  01  100110011100110110  00  00  1010011100100010  1010100001010111  00  00  1010111011001000  1010110011110000  1010100111110000  1010111011110000  1010100001100000  1010110011100000  1010100111010000  1010110001110000  10000000



















0010000  1000001110000  01  10000000  01  10010000  01  1010000010000100000000  00  10001000  01  100110011100110110  00  00  1010011100100010  1010100001010111  00  00  1010111011001000  1010110011110000  1010100111110000  1010111011110000  1010100001100000  1010110011100000  1010100111010000  1010110001110000  1000000000
0010000  1000001110000  01  10000000  01  10010000  01  1011000010000100000000  00  10001000  01  100110011100110110  00  00  1010011100100010  1010100001010111  00  00  1010111011001000  1010110011110000  1010100111110000  1010111011110000  1010100001100000  1010110011100000  1010100111010000  1010110001110000  1000000000
0010000  1000001110000  01  10000000  01  10010000  01  1010100010000100000000  00  10001000  01  100110011100110110  00  00  1010011100100010  1010100001010111  00  00  1010111011001000  1010110011110000  1010100111110000  1010111011110000  1010100001100000  1010110011100000  1010100111010000  1010110001110000  1000000000
0010000  1000001110000  01  10000000  01  10010000  01  1010010010000100000000  00  10001000  01  100110011100110110  00  00  1010011100100010  1010100001010111  00  00  1010111011001000  1010110011110000  1010100111110000  1010111011110000  1010100001100000  1010110011100000  1010100111010000  1010110001110000  1000000000
0010000  1000001110000  01  10000000  01  10010000  01  1010001010000100000000  00  10001000  01  100110011100110110  00  00  1010011100100010  1010100001010111  00  00  1010111011001000  1010110011110000  1010100111110000  1010111011110000  1010100001100000  1010110011100000  1010100111010000  1010110001110000  1000000000
0010000  1000001110000  01  10000000  01  10010000  01  1010000110000100000000  00  10001000  01  100110011100110110  00  00  1010011100100010  1010100001010111  00  00  1010111011001000  1010110011110000  1010100111110000  1010111011110000  1010100001100000  1010110011100000  1010100111010000  1010110001110000  1000000000
0010000  1000001110000  01  10000000  01  10010000  01  1010000011000100000000  00  10001000  01  100110011100110110  00  00  1010011100100010  1010100001010111  00  00  1010111011001000  1010110011110000  1010100111110000  1010111011110000  1010100001100000  1010110011100000  1010100111010000  1010110001110000  1000000000
0010000  1000001110000  01  10000000  01  10010000  01  1010000010100100000000  00  10001000  01  100110011100110110  00  00  1010011100100010  1010100001010111  00  00  1010111011001000  1010110011110000  1010100111110000  1010111011110000  1010100001100000  1010110011100000  1010100111010000  1010110001110000  1000000000
0010000  1000001110000  01  10000000  01  10010000  01  1010000010010100000000  00  10001000  01  100110011100110110  00  00  1010011100100010  1010100001010111  00  00  1010111011001000  1010110011110000  1010100111110000  1010111011110000  1010100001100000  1010110011100000  1010100111010000  1010110001110000  1000000000
0010000  1000001110000  01  10000000  01  10010000  01  1010000010001100000000  00  10001000  01  100110011100110110  00  00  1010011100100010  1010100001010111  00  00  1010111011001000  1010110011110000  1010100111110000  1010111011110000  1010100001100000  1010110011100000  1010100111010000  1010110001110000  1000000000
0010000  1000001110000  01  10000000  01  10010000  01  1010000010000110000000  00  10001000  01  100110011100110110  00  00  1010011100100010  1010100001010111  00  00  1010111011001000  1010110011110000  1010100111110000  1010111011110000  1010100001100000  1010110011100000  1010100111010000  1010110001110000  1000000000
0010000  1000001110000  01  10000000  01  10010000  01  1010000010000101000000  00  10001000  01  100110011100110110  00  00  1010011100100010  1010100001010111  00  00  1010111011001000  1010110011110000  1010100111110000  1010111011110000  1010100001100000  1010110011100000  1010100111010000  1010110001110000  1000000000
0010000  1000001110000  01  10000000  01  10010000  01  1010000010000100100000  00  10001000  01  100110011100110110  00  00  1010011100100010  1010100001010111  00  00  1010111011001000  1010110011110000  1010100111110000  1010111011110000  1010100001100000  1010110011100000  1010100111010000  1010110001110000  1000000000
0010000  1000001110000  01  10000000  01  10010000  01  1010000010000100010000  00  10001000  01  100110011100110110  00  00  1010011100100010  1010100001010111  00  00  1010111011001000  1010110011110000  1010100111110000  1010111011110000  1010100001100000  1010110011100000  1010100111010000  1010110001110000  1000000000
0010000  1000001110000  01  10000000  01  10010000  01  1010000010000100000010  00  10001000  01  100110011100110110  00  00  1010011100100010  1010100001010111  00  00  1010111011001000  1010110011110000  1010100111110000  1010111011110000  1010100001100000  1010110011100000  1010100111010000  1010110001110000  1000000000
0010000  1000001110000  01  10000000  01  10010000  01  1010000010000100000001  00  10001000  01  100110011100110110  00  00  1010011100100010  1010100001010111  00  00  1010111011001000  1010110011110000  1010100111110000  1010111011110000  1010100001100000  1010110011100000  1010100111010000  1010110001110000  1000000000





0010000  1000001110000  01  10000000  01  10010000  01  1000100111000  00  10001000  01  100110011100110110  00  00  1010011100100010  1010100001010111  00  00  1010111011001000  1010110011110000  1010100111110000  1010111011110000  1010100001100000  1010110011100000  1010100111010000  1010110001110000  10000000000
0010000  1000001110000  01  10000000  01  10010000  01  1000100111000  00  10001000  01  100110011100110110  00  00  1010011100100010  1010100001010111  00  00  1010111011001000  1010110011110000  1010100111110000  1010111011110000  1010100001100000  1010110011100000  1010100111010000  1010110001110000  10000000000

MIRROR;
0010000  1000001110000  01  10000000  01  10010000  01  1000100111000  00  10001000  01  100110011100110110  00  00  1010011100100010  1010100001010111  00  00  1010110001110000  1010100111010000  1010110011100000  1010100001100000  1010111011110000  1010100111110000  1010110011110000  1010111011001000  10000000000

SHIFT:
0010000  1000001110000  01  10000000  01  10010000  01  1000100111000  00  10001000  01  100110011100110110  00  00  1010011100100010  10101000010  10111000010  1011101100100010101100011100001010100111010000  1010110011100000  1010100001100000  1010111011110000  1010100111110000  1010110011110000  10000000000
0010000  1000001110000  01  10000000  01  10010000  01  1000100111000  00  10001000  01  100110011100110110  00  00  1010011100100010  10101000010  10111000010  10110011110000  1010111011001000  1010110001110000  1010100111010000  1010110011100000  1010100001100000  1010111011110000  1010100111110000  10000000000
0010000  1000001110000  01  10000000  01  10010000  01  1000100111000  00  10001000  01  100110011100110110  00  00  1010011100100010  10101000010  10111000010  10100111110000  1010110011110000  1010111011001000  1010110001110000  1010100111010000  1010110011100000  1010100001100000  1010111011110000  10000000000
0010000  1000001110000  01  10000000  01  10010000  01  1000100111000  00  10001000  01  100110011100110110  00  00  1010011100100010  10101000010  10111000010  10111011110000  1010100111110000  1010110011110000  1010111011001000  1010110001110000  1010100111010000  1010110011100000  1010100001100000  10000000000
0010000  1000001110000  01  10000000  01  10010000  01  1000100111000  00  10001000  01  100110011100110110  00  00  1010011100100010  10101000010  10111000010  10100001100000  1010111011110000  1010100111110000  1010110011110000  1010111011001000  1010110001110000  1010100111010000  1010110011100000  10000000000
0010000  1000001110000  01  10000000  01  10010000  01  1000100111000  00  10001000  01  100110011100110110  00  00  1010011100100010  10101000010  10111000010  10110011100000  1010100001100000  1010111011110000  1010100111110000  1010110011110000  1010111011001000  1010110001110000  1010100111010000  10000000000
0010000  1000001110000  01  10000000  01  10010000  01  1000100111000  00  10001000  01  100110011100110110  00  00  1010011100100010  10101000010  10111000010  10100111010000  1010110011100000  1010100001100000  1010111011110000  1010100111110000  1010110011110000  1010111011001000  1010110001110000  10000000000
0010000  1000001110000  01  10000000  01  10010000  01  1000100111000  00  10001000  01  100110011100110110  00  00  1010011100100010  10101000010  10111000010  10110001110000  1010100111010000  1010110011100000  1010100001100000  1010111011110000  1010100111110000  1010110011110000  1010111011001000  10000000000



Jakobs parts:
1010111011001000
1010110011110000
1010100111110000
1010111011110000
1010100001100000
1010110011100000
1010100111010000
1010110001110000

