Jakobs: Cooking Ambushing  Truck
Original: @Ugy3L+2}TYg%$yC%i7M2gZldO)@}cgb!l34$a-qf{00
Research:
  1) Removed bits (flip to zero) from right to left
  2) Injected each version in-game
  3) Only retained the reserialized versions (see below)
  4) Splitted with the uniques strings of each parts

0010000  1000001110000  01  10000000  01  10010000  01  1000100111000  00  10001000  01  100110011100110110  00  00  1010011100100010  10101000010  10111000010  1011101100100010  1011001111000010  1010011111000010  1011101111000010  1010000110000010  1011001110000010  1010011101000010  1011000111000010                1011010111010010      00000000000000000
0010000  1000001110000  01  10000000  01  10010000  01  1000100111000  00  10001000  01  100110011100110110  00  00  1010011100100010  10101000010  10111000010  1011101100100010  1011001111000010  1010011111000010  1011101111000010  1010000110000010  1011001110000010  1010011101000010  1011000111000010                1010001100101100    000000000


HEADER   TYPE           ||  int:0     ||  int:1     ||  int:50         ..  int:2     ||  int:3379            ..  ..  +LEGENDARY        +BASE?       +CHAMBER     +TRUCK            +BARREL:ACC       +OVERBARREL       +MUZZEL           +MAGAZINE         +SCOPE            +SHOULDER         +UNDERBARREL      ORIGINAL
0010000  1000001110000  01  10000000  01  10010000  01  1000100111000  00  10001000  01  100110011100110110  00  00  1010011100100010  10101000010  10111000010  1011101100100010  1011001111000010  1010011111000010  1011101111000010  1010000110000010  1011001110000010  1010011101000010  1011000111000010  000000000
0010000  1000001110000  01  10000000  01  10010000  01  1000100111000  00  10001000  01  100110011100110110  00  00  1010011100100010  10101000010  10111000010  1011101100100010  1011001111000010  1010011111000010  1011101111000010  1010000110000010  1011001110000010  1010011101000010  1011000111000010  0
0010000  1000001110000  01  10000000  01  10010000  01  1000100111000  00  10001000  01  100110011100110110  00  00  1010011100100010  10101000010  10111000010  1011101100100010  1011001111000010  1010011111000010  1011101111000010  1010000110000010  1011001110000010  1010011101000010  000000000
0010000  1000001110000  01  10000000  01  10010000  01  1000100111000  00  10001000  01  100110011100110110  00  00  1010011100100010  10101000010  10111000010  1011101100100010  1011001111000010  1010011111000010  1011101111000010  1010000110000010  1011001110000010  000000000
0010000  1000001110000  01  10000000  01  10010000  01  1000100111000  00  10001000  01  100110011100110110  00  00  1010011100100010  10101000010  10111000010  1011101100100010  1011001111000010  1010011111000010  1011101111000010  1010000110000010  1011001110000010  0
0010000  1000001110000  01  10000000  01  10010000  01  1000100111000  00  10001000  01  100110011100110110  00  00  1010011100100010  10101000010  10111000010  1011101100100010  1011001111000010  1010011111000010  1011101111000010  1010000110000010  000000000
0010000  1000001110000  01  10000000  01  10010000  01  1000100111000  00  10001000  01  100110011100110110  00  00  1010011100100010  10101000010  10111000010  1011101100100010  1011001111000010  1010011111000010  1011101111000010  000000000
0010000  1000001110000  01  10000000  01  10010000  01  1000100111000  00  10001000  01  100110011100110110  00  00  1010011100100010  10101000010  10111000010  1011101100100010  1011001111000010  1010011111000010  000000000
0010000  1000001110000  01  10000000  01  10010000  01  1000100111000  00  10001000  01  100110011100110110  00  00  1010011100100010  10101000010  10111000010  1011101100100010  1011001111000010  000000000
0010000  1000001110000  01  10000000  01  10010000  01  1000100111000  00  10001000  01  100110011100110110  00  00  1010011100100010  10101000010  10111000010  1011101100100010  000000000
0010000  1000001110000  01  10000000  01  10010000  01  1000100111000  00  10001000  01  100110011100110110  00  00  1010011100100010  10101000010  10111000010  000000000
0010000  1000001110000  01  10000000  01  10010000  01  1000100111000  00  10001000  01  100110011100110110  00  00  1010011100100010  10101000010  0000
0010000  1000001110000  01  10000000  01  10010000  01  1000100111000  00  10001000  01  100110011100110110  00  00  1010011100100010  0000000
0010000  1000001110000  01  10000000  01  10010000  01  1000100111000  00  0000000


Alteration: mirrored all parts from "TRUCK" to "UNDERBARREL"
0010000  1000001110000  01  10000000  01  10010000  01  1000100111000  00  10001000  01  100110011100110110  00  00  1010011100100010  10101000010  10111000010  1011000111000010  1010011101000010  1011001110000010  1010000110000010  1011101111000010  1010011111000010  1011001111000010  1011101100100010  000000000
Result: Working perfectly, has all parts, nothing changed.

Alteration: removed the "legendary" part
0010000  1000001110000  01  10000000  01  10010000  01  1000100111000  00  10001000  01  100110011100110110  00  00  10101000010  10111000010  1011000111000010  1010011101000010  1011001110000010  1010000110000010  1011101111000010  1010011111000010  1011001111000010  1011101100100010  000000000
Result: rarity-less item, lower stats. Works perfectly, has all parts.

Alteration: removed the "truck" part
0010000  1000001110000  01  10000000  01  10010000  01  1000100111000  00  10001000  01  100110011100110110  00  00  1010011100100010  10101000010  10111000010  1011001111000010  1010011111000010  1011101111000010  1010000110000010  1011001110000010  1010011101000010  1011000111000010  000000000
Result: "cooking prowling", missing center barrel, cannot shoot. Other parts are fine.

Alteration: mirrored the entire parts, from "LEGENDARY" to "UNDERBARREL"
0010000  1000001110000  01  10000000  01  10010000  01  1000100111000  00  10001000  01  100110011100110110  00  00  1011000111000010  1010011101000010  1011001110000010  1010000110000010  1011101111000010  1010011111000010  1011001111000010  1011101100100010  10111000010  10101000010  1010011100100010  000000000
Result: lost legendary status, weapon skin is "dirtier" (rust, scratches, wear, etc). Lower stats. Works perfectly, has all parts.
Conclusion: Legendary status is fixed, cannot move.

Alteration: mirror from base to underbarrel (only block intact is legendary)
0010000  1000001110000  01  10000000  01  10010000  01  1000100111000  00  10001000  01  100110011100110110  00  00  1010011100100010  1011000111000010  1010011101000010  1011001110000010  1010000110000010  1011101111000010  1010011111000010  1011001111000010  1011101100100010  10111000010  10101000010  000000000
Result: Working perfectly, has all parts, nothing changed.
Conclusion: Legendary status is fixed, cannot move, other parts have no order.



101 01000 010
101 11000 010
        !
101 00111 00100010
101 11011 00100010
101 10011 11000010
101 00111 11000010
101 11011 11000010
101 00001 10000010
101 10011 10000010
101 00111 01000010
101 10001 11000010

These two got collapsed into the shorter form:
101 0100100000010
101 01000010

101 1100100000010
101 11000010

