






                                                                                                                                                                   Perks parts:     Perk 1        Perk2          Perk3          Perk4
Knife 4 skill:   0010000  11010010110100001  01  10000000  01  10010000  01  1000110110000  00  10001000  01  11010010010010001  00  00  10111100010  10110000010  1011010111110001  01  1001110110000 1001110101000  1001010100100  1001111100100  00000000
Knife 3 skill:   0010000  11010010110100001  01  10000000  01  10010000  01  1000110110000  00  10001000  01  11010010010010001  00  00  10111100010  10110000010  1011010111110001  01  1001110110000 1001110101000  1001010100100  00000
Knife 2 skill:   0010000  11010010110100001  01  10000000  01  10010000  01  1000110110000  00  10001000  01  11010010010010001  00  00  10111100010  10110000010  1011010111110001  01  1001110110000 1001110101000  0000000000
Knife 1 skill:   0010000  11010010110100001  01  10000000  01  10010000  01  1000110110000  00  10001000  01  11010010010010001  00  00  10111100010  10110000010  000000

