
@Ugy3L+2}TYgOyvyviz?KiBDJYGs9dOW2m
00100001000001110000011000000001100100000110001001110000010001000011001010100111001100000101111111010001010101000010101110000101010001001010110110010101100111000001010100111010000101010100111000010000


    DDDDCDDD DDCDD DDCDD
101 00101000 00100 00000
101 00001000 01
100 00001 00001 00001 00000



HEADER   TYPE           ||  int:0     ||  int:1     ||  int:50         ..  int:2     ||  int:3379            ..  ..  +LEGENDARY        +BASE?       +CHAMBER     +TRUCK            +BARREL:ACC       +OVERBARREL       +MUZZEL           +MAGAZINE         +SCOPE            +SHOULDER         +UNDERBARREL      ORIGINAL
0010000  1000001110000  01  10000000  01  10010000  01  1000100111000  00  10001000  01  100110011100110110  00  00  1010011100100010  10101000010  10111000010  1011101100100010  1011001111000010  1010011111000010  1011101111000010  1010000110000010  1011001110000010  1010011101000010  1011000111000010  000000000


Jakobs 1:    0010000  1000001110000  01  10000000  01  10010000  01  1000100111000  00  10001000  01  100101010011100110  00  00  1011111110100010 10101000010 10111000010 10100010010 10110110010 1011001110000010 1010011101000010 1010100111000010000
Ripper 1:    0010000  1001110110000  01  10000000  01  10010000  01  1000100111000  00  10001000  01  100001110011100100  00  00  10111111101000101010100001010100010010101000110010001010110110010101110111000001010100111010000101010010111000010000000
Durendal:    0010000  10000010       01  10000000  01  10010000  01  1000100111000  00  10001000  01  100111111111110110  00  00  1011111110100010101010000101011010001010100010010101100010010001010110001100000101011101110000010101100110100001010111111010000101010000110100010000
Ragoon:      0010000  1000000110000  01  10000000  01  10010000  01  1000100111000  00  10001000  01  100011111111101000  00  00  10111111101000101010100001010111100010101101100101011101110000010101001110100001010100101110000101011101111000010000000
Indiction:   0010000  10011110       01  10000000  01  10010000  01  1000100111000  00  10001000  01  100110111100110010  00  00  101111111010001010101011001000101011110001010110110010101010111000001010110011010000101010110100100010000000
Hellhound:   0010000  10011100       01  10000000  01  10010000  01  1000100111000  00  10001000  01  1001110111010       00  00  1011111110100010101010000101010001001010100011001000101010000110000010101110111000001010111011010000101011000110100010000
Omnibore:    0010000  10011010       01  10000000  01  10010000  01  1001000111000  00  10001000  01  11010010101100111   00  00  10111111101000101010100001010100100010101000100101011010100100010101100100101010001110000010101001111000001010110111010000101010110111000010000000000
Punct:       0010000  10000100       01  10000000  01  10010000  01  1000100111000  00  10001000  01  100011111111110100  00  00  1011111110100010101010000101011110001010110110010101111011000001010100011010000101011111101000010000
Yuga 1:      0010000  1000101110000  01  10000000  01  10010000  01  1000100111000  00  10001000  01  100100110111111010  00  00  10111111101000101010100001010111100010101100100101011101110000010101111010100001010111101110000101011011111000010000000
Yuga 2:      0010000  1000101110000  01  10000000  01  10010000  01  1000100111000  00  10001000  01  100000010110111010  00  00  10111111101000101010100001010111100010101010100101010011110000010101111010100001010110101110000101011011111000010000000
Yuga 3:      0010000  1000101110000  01  10000000  01  10010000  01  1000100111000  00  10001000  01  100111010100111100  00  00  10111111101000101010100001010100100010101111000101011101110000010101101010100001010110101110000101011011111000010000000
Fang:        0010000  10010110       01  10000000  01  10010000  01  1000100111000  00  10001000  01  100101111001111000  00  00  1011111110100010101100000101010100001010111100010101000111000001010100101010000101010110101000010101011011100001010100001001000101010110100100010000
Muki:        0010000  10011000       01  10000000  01  10010000  01  1000100111000  00  10001000  01  100001111011100110  00  00  101111111010001010101000010101110000101010001001010111101110000101011011001010101011100000101010101101000010101010011100001000000000
Balor:       0010000  10010010       01  10000000  01  10010000  01  1000100111000  00  10001000  01  1000000111100       00  00  1011111110100010101010000101010001001010110111110000101010111110100010101110111000001010101011010000101010000111000010000
Phage:       0010000  1001100110000  01  10000000  01  10010000  01  1000100111000  00  10001000  01  100010110110101100  00  00  1011111110100010101010000101011110001010101110010101001111000001010101011010000101010100111000010000000
Widget:      0010000  10010100       01  10000000  01  10010000  01  1000100111000  00  10001000  01  100001011100101100  00  00  101111111010001010101000010101001000101010001001010100110010101111011000001010101111100000101010000111000010101010011010001000000000
Inkanyamba:  0010000  1000001110000  01  10000000  01  10010000  01  1000100111000  00  10001000  01  100100110101110100  00  00  10111111101000101010100001010111100010101001111100001010101110010101110111000001010101011010000101011100111000010000000
Perforator:  0010000  10001110       01  10000000  01  10010000  01  1000100111000  00  10001000  01  1001000110100       00  00  1011101110100010101010000101011010001010100100010101110000101010001001010110011110000101010101001010101001101000101011001110000010101011110100001010110001001000100000000
Gruppagrak:  0010000  1000100110000  01  10000000  01  10010000  01  1000100111000  00  10001000  01  100000011000111010  00  00  1011111110100010101010000101011100001010100010010101101100101011011110000010101100110100001010111101101000101011001111000010000
Bonn-91:     0010000  10001000       01  10000000  01  10010000  01  1000100111000  00  10001000  01  100011111001101110  00  00  10111111101000101010100001010100010010101101100101010101110000010101010110100001010100111001000101011011100100010000
Gruppagrak:  0010000  1000100110000  01  10000000  01  10010000  01  1000100111000  00  10001000  01  100011111001101110  00  00  1011111110100010101010000101011100001010100010010101101100101011011110000010101100110100001010111101101000101011001111000010000
Bonn-91:     0010000  10001000       01  10000000  01  10010000  01  1000100111000  00  10001000  01  100000011000111010  00  00  10111111101000101010100001010100010010101101100101010101110000010101010110100001010100111001000101011011100100010000

