varint64?






0010000  11010010001101001  01  10000000  01  10010000  01  1000100111000  00  10001000  01  1000000100110       00  00  10110010010  10100010010  10101101111  1010101110000000 1010001111110001  01  1001000110000  1000000110000  00000000000
0010000  11010010001101001  01  10000000  01  10010000  01  1000100111000  00  10001000  01  100110010000110100  00  00  10110010010  10100010010  10101101111  1010101110000000 1010001111110001  01  10011100  10001100  00000000



0010000  11010010001101001  01  10000000  01  10010000  01  1000100111000  00  10001000  01  100110010000110100  00  00  10110010010  10100010010  1010110111110  1010111000000000
0010000  11010010001101001  01  10000000  01  10010000  01  1000100111000  00  10001000  01  100110010000110100  00  00  10110010010  10100010010  101011011111010101110
0010000  11010010001101001  01  10000000  01  10010000  01  1000100111000  00  10001000  01  100110010000110100  00  00  10110010010  10100010010  101011011111010101100
0010000  11010010001101001  01  10000000  01  10010000  01  1000100111000  00  10001000  01  100110010000110100  00  00  10110010010  10100010010  101011011111010101000
0010000  11010010001101001  01  10000000  01  10010000  01  1000100111000  00  10001000  01  100110010000110100  00  00  10110010010  10100010010  101011011111010100000
0010000  11010010001101001  01  10000000  01  10010000  01  1000100111000  00  10001000  01  100110010000110100  00  00  10110010010  10100010010  101011011111010000000
0010000  11010010001101001  01  10000000  01  10010000  01  1000100111000  00  10001000  01  100110010000110100  00  00  10110010010  10100010010  101011011111000000000
0010000  11010010001101001  01  10000000  01  10010000  01  1000100111000  00  10001000  01  100110010000110100  00  00  10110010010  10100010010  1010110111110
0010000  11010010001101001  01  10000000  01  10010000  01  1000100111000  00  10001000  01  100110010000110100  00  00  10110010010  10100010010  1010110111100
0010000  11010010001101001  01  10000000  01  10010000  01  1000100111000  00  10001000  01  100110010000110100  00  00  10110010010  10100010010  1010110111000
0010000  11010010001101001  01  10000000  01  10010000  01  1000100111000  00  10001000  01  100110010000110100  00  00  10110010010  10100010010  1010110110000
0010000  11010010001101001  01  10000000  01  10010000  01  1000100111000  00  10001000  01  100110010000110100  00  00  10110010010  10100010010  1010110100000
0010000  11010010001101001  01  10000000  01  10010000  01  1000100111000  00  10001000  01  100110010000110100  00  00  10110010010  10100010010  1010110000000
0010000  11010010001101001  01  10000000  01  10010000  01  1000100111000  00  10001000  01  100110010000110100  00  00  10110010010  10100010010  1010100000000
0010000  11010010001101001  01  10000000  01  10010000  01  1000100111000  00  10001000  01  100110010000110100  00  00  10110010010  10100010010  10101
0010000  11010010001101001  01  10000000  01  10010000  01  1000100111000  00  10001000  01  100110010000110100  00  00  10110010010  10100010010  10100
0010000  11010010001101001  01  10000000  01  10010000  01  1000100111000  00  10001000  01  100110010000110100  00  00  10110010010  10100010010  10000
0010000  11010010001101001  01  10000000  01  10010000  01  1000100111000  00  10001000  01  100110010000110100  00  00  10110010010  10100010010  00000

RESERIALIZED
0010000  11010010001101001  01  10000000  01  10010000  01  1000100111000  00  10001000  01  100110010000110100  00  00  10110010010  10100010010  00000
0010000  11010010001101001  01  10000000  01  10010000  01  1000100111000  00  10001000  01  100110010000110100  00  00  10110010010  10100010010  10101101111101010000000000000
0010000  11010010001101001  01  10000000  01  10010000  01  1000100111000  00  10001000  01  100110010000110100  00  00  10110010010  10100010010  10101101111101010100000000000
0010000  11010010001101001  01  10000000  01  10010000  01  1000100111000  00  10001000  01  100110010000110100  00  00  10110010010  10100010010  10101101111101010111000000000
0010000  11010010001101001  01  10000000  01  10010000  01  1000100111000  00  10001000  01  100110010000110100  00  00  10110010010  10100010010  101011011111010000000

ZERO PHASE 2
0010000  11010010001101001  01  10000000  01  10010000  01  1000100111000  00  10001000  01  100110010000110100  00  00  10110010010  10100010010  10101101111101010000000000000
0010000  11010010001101001  01  10000000  01  10010000  01  1000100111000  00  10001000  01  100110010000110100  00  00  10110010010  10100010010  10101101111101000000000000000
0010000  11010010001101001  01  10000000  01  10010000  01  1000100111000  00  10001000  01  100110010000110100  00  00  10110010010  10100010010  10101101111100010000000000000
0010000  11010010001101001  01  10000000  01  10010000  01  1000100111000  00  10001000  01  100110010000110100  00  00  10110010010  10100010010  10101101111001010000000000000
0010000  11010010001101001  01  10000000  01  10010000  01  1000100111000  00  10001000  01  100110010000110100  00  00  10110010010  10100010010  10101101110101010000000000000
0010000  11010010001101001  01  10000000  01  10010000  01  1000100111000  00  10001000  01  100110010000110100  00  00  10110010010  10100010010  10101101101101010000000000000
0010000  11010010001101001  01  10000000  01  10010000  01  1000100111000  00  10001000  01  100110010000110100  00  00  10110010010  10100010010  10101101011101010000000000000
0010000  11010010001101001  01  10000000  01  10010000  01  1000100111000  00  10001000  01  100110010000110100  00  00  10110010010  10100010010  10101100111101010000000000000
0010000  11010010001101001  01  10000000  01  10010000  01  1000100111000  00  10001000  01  100110010000110100  00  00  10110010010  10100010010  10101001111101010000000000000
0010000  11010010001101001  01  10000000  01  10010000  01  1000100111000  00  10001000  01  100110010000110100  00  00  10110010010  10100010010  10100101111101010000000000000

SURVIVORS PHASE 2:
0010000  11010010001101001  01  10000000  01  10010000  01  1000100111000  00  10001000  01  100110010000110100  00  00  10110010010  10100010010  10100100111101010000000000000

ZERO PHASE 3:
0010000  11010010001101001  01  10000000  01  10010000  01  1000100111000  00  10001000  01  100110010000110100  00  00  10110010010  10100010010  10100100111101000000000000000
0010000  11010010001101001  01  10000000  01  10010000  01  1000100111000  00  10001000  01  100110010000110100  00  00  10110010010  10100010010  10100100111100010000000000000
0010000  11010010001101001  01  10000000  01  10010000  01  1000100111000  00  10001000  01  100110010000110100  00  00  10110010010  10100010010  10100100111001010000000000000
0010000  11010010001101001  01  10000000  01  10010000  01  1000100111000  00  10001000  01  100110010000110100  00  00  10110010010  10100010010  10100100110101010000000000000
0010000  11010010001101001  01  10000000  01  10010000  01  1000100111000  00  10001000  01  100110010000110100  00  00  10110010010  10100010010  10100100101101010000000000000
0010000  11010010001101001  01  10000000  01  10010000  01  1000100111000  00  10001000  01  100110010000110100  00  00  10110010010  10100010010  10100100011101010000000000000
0010000  11010010001101001  01  10000000  01  10010000  01  1000100111000  00  10001000  01  100110010000110100  00  00  10110010010  10100010010  10100000111101010000000000000


SURVIVORS PHASE 3:
0010000  11010010001101001  01  10000000  01  10010000  01  1000100111000  00  10001000  01  100110010000110100  00  00  10110010010  10100010010  10100100101101010000000000000
0010000  11010010001101001  01  10000000  01  10010000  01  1000100111000  00  10001000  01  100110010000110100  00  00  10110010010  10100010010  10100100110101010000000000000
0010000  11010010001101001  01  10000000  01  10010000  01  1000100111000  00  10001000  01  100110010000110100  00  00  10110010010  10100010010  10100100111001010000000000000
0010000  11010010001101001  01  10000000  01  10010000  01  1000100111000  00  10001000  01  100110010000110100  00  00  10110010010  10100010010  10100000111101010000000000000

0010000  11010010001101001  01  10000000  01  10010000  01  1000100111000  00  10001000  01  100110010000110100  00  00  10110010010  10100010010  10100000101001010000000000000


ZERO PHASE 5:



CORRUPTED:
0010000110100100011010010110000000011001000001100010011100000100010000110011001000011010000001011001001010100010010101011011111010000000