



0010000 11010010001101001  01  10000000  01  10010000  01  1000100111000  00  10001000  01  100110010000110100  00  00  1011001001010100010010101011011111010101110000000101000111111000101100111001000110000000000
0010000 11010010001101001  01  10000000  01  10010000  01  1000100111000  00  10001000  01  1000000100110       00  00  10110010010101000100101010110111110101011100000001010001111110001011001000110000100000011000000000000000







0010000 11010010001101001  01  10000000  01  10010000  01  1000100111000  00  10001000  01  100110010000110100  00  00  10110010010 10100010010 101011011111010101110 00 00 00 101000111111000101100 111001000110000000000
0010000 11010010001101001  01  10000000  01  10010000  01  1000100111000  00  10001000  01  1000000100110       00  00  10110010010 10100010010 101011011111010101110 00 00 00 101000111111000101100 1000110000100000011000000000000000



