101 0100000000000101
101 0100000000010001
101 0100000000010100
101 0100000000100000
101 0100000000100001
101 0100000000100010
101 0100000000100011
101 0100000000100100
101 0100000000100101
101 0100000000100110
101 0100000000100111
101 0100000000110000
101 0100000000111000
101 0100000001000001
101 0100000001000100
101 0100000100000101
101 0100000100010001
101 0100000100010100
101 0100000100100000
101 0100000100100001
101 0100000100100010
101 0100000100100011
101 0100000100100100
101 0100000100100101
101 0100000100100110
101 0100000100100111
101 0100000100110000
101 0100000100111000
101 0100000101000001
101 0100000101000100
101 01000000
101 01000001
101 010000000001
101 010000000100
101 010000010001
101 010000010100
101 0100100000000
101 0100100000001

101 1100000000000101
101 1100000000010001
101 1100000000010100
101 1100000000100000
101 1100000000100001
101 1100000000100010
101 1100000000100011
101 1100000000100100
101 1100000000100101
101 1100000000100110
101 1100000000100111
101 1100000000110000
101 1100000000111000
101 1100000001000001
101 1100000001000100
101 1100000100000101
101 1100000100010001
101 1100000100010100
101 1100000100100000
101 1100000100100001
101 1100000100100010
101 1100000100100011
101 1100000100100100
101 1100000100100101
101 1100000100100110
101 1100000100100111
101 1100000100110000
101 1100000100111000
101 1100000101000001
101 1100000101000100
101 11000000
101 11000001
101 110000000001
101 110000000100
101 110000010001
101 110000010100
101 1100100000000
101 1100100000001

101 0010000000000101
101 0010000000010001
101 0010000000010100
101 0010000000100000
101 0010000000100001
101 0010000000100010
101 0010000000100011
101 0010000000100100
101 0010000000100101
101 0010000000100110
101 0010000000100111
101 0010000000110000
101 0010000000111000
101 0010000001000001
101 0010000001000100
101 0010000100000101
101 0010000100010001
101 0010000100010100
101 0010000100100000
101 0010000100100001
101 0010000100100010
101 0010000100100011
101 0010000100100100
101 0010000100100101
101 0010000100100110
101 0010000100100111
101 0010000100110000
101 0010000100111000
101 0010000101000001
101 0010000101000100
101 00100000
101 00100001
101 001000000001
101 001000000100
101 001000010001
101 001000010100
101 0010100000000
101 0010100000001

101 1010000000000101
101 1010000000010001
101 1010000000010100
101 1010000000100000
101 1010000000100001
101 1010000000100010
101 1010000000100011
101 1010000000100100
101 1010000000100101
101 1010000000100110
101 1010000000100111
101 1010000000110000
101 1010000000111000
101 1010000001000001
101 1010000001000100
101 1010000100000101
101 1010000100010001
101 1010000100010100
101 1010000100100000
101 1010000100100001
101 1010000100100010
101 1010000100100011
101 1010000100100100
101 1010000100100101
101 1010000100100110
101 1010000100100111
101 1010000100110000
101 1010000100111000
101 1010000101000001
101 1010000101000100
101 10100000
101 10100001
101 101000000001
101 101000000100
101 101000010001
101 101000010100
101 1010100000000
101 1010100000001

101 0110000000000101
101 0110000000010001
101 0110000000010100
101 0110000000100000
101 0110000000100001
101 0110000000100010
101 0110000000100011
101 0110000000100100
101 0110000000100101
101 0110000000100110
101 0110000000100111
101 0110000000110000
101 0110000000111000
101 0110000001000001
101 0110000001000100
101 0110000100000101
101 0110000100010001
101 0110000100010100
101 0110000100100000
101 0110000100100001
101 0110000100100010
101 0110000100100011
101 0110000100100100
101 0110000100100101
101 0110000100100110
101 0110000100100111
101 0110000100110000
101 0110000100111000
101 0110000101000001
101 0110000101000100
101 01100000
101 01100001
101 011000000001
101 011000000100
101 011000010001
101 011000010100
101 0110100000000
101 0110100000001

101 1110000000000101
101 1110000000010001
101 1110000000010100
101 1110000000100000
101 1110000000100001
101 1110000000100010
101 1110000000100011
101 1110000000100100
101 1110000000100101
101 1110000000100110
101 1110000000100111
101 1110000000110000
101 1110000000111000
101 1110000001000001
101 1110000001000100
101 1110000100000101
101 1110000100010001
101 1110000100010100
101 1110000100100000
101 1110000100100001
101 1110000100100010
101 1110000100100011
101 1110000100100100
101 1110000100100101
101 1110000100100110
101 1110000100100111
101 1110000100110000
101 1110000100111000
101 1110000101000001
101 1110000101000100
101 11100000
101 11100001
101 111000000001
101 111000000100
101 111000010001
101 111000010100
101 1110100000000
101 1110100000001

101 0001000000000101
101 0001000000010001
101 0001000000010100
101 0001000000100000
101 0001000000100001
101 0001000000100010
101 0001000000100011
101 0001000000100100
101 0001000000100101
101 0001000000100110
101 0001000000100111
101 0001000000110000
101 0001000000111000
101 0001000001000001
101 0001000001000100
101 0001000100000101
101 0001000100010001
101 0001000100010100
101 0001000100100000
101 0001000100100001
101 0001000100100010
101 0001000100100011
101 0001000100100100
101 0001000100100101
101 0001000100100110
101 0001000100100111
101 0001000100110000
101 0001000100111000
101 0001000101000001
101 0001000101000100
101 00010000
101 00010001
101 000100000001
101 000100000100
101 000100010001
101 000100010100
101 0001100000000
101 0001100000001

101 1001000000000101
101 1001000000010001
101 1001000000010100
101 1001000000100000
101 1001000000100001
101 1001000000100010
101 1001000000100011
101 1001000000100100
101 1001000000100101
101 1001000000100110
101 1001000000100111
101 1001000000110000
101 1001000000111000
101 1001000001000001
101 1001000001000100
101 1001000100000101
101 1001000100010001
101 1001000100010100
101 1001000100100000
101 1001000100100001
101 1001000100100010
101 1001000100100011
101 1001000100100100
101 1001000100100101
101 1001000100100110
101 1001000100100111
101 1001000100110000
101 1001000100111000
101 1001000101000001
101 1001000101000100
101 10010000
101 10010001
101 100100000001
101 100100000100
101 100100010001
101 100100010100
101 1001100000000
101 1001100000001

101 0101000000000101
101 0101000000010001
101 0101000000010100
101 0101000000100000
101 0101000000100001
101 0101000000100010
101 0101000000100011
101 0101000000100100
101 0101000000100101
101 0101000000100110
101 0101000000100111
101 0101000000110000
101 0101000000111000
101 0101000001000001
101 0101000001000100
101 0101000100000101
101 0101000100010001
101 0101000100010100
101 0101000100100000
101 0101000100100001
101 0101000100100010
101 0101000100100011
101 0101000100100100
101 0101000100100101
101 0101000100100110
101 0101000100100111
101 0101000100110000
101 0101000100111000
101 0101000101000001
101 0101000101000100
101 01010000
101 01010001
101 010100000001
101 010100000100
101 010100010001
101 010100010100
101 0101100000000
101 0101100000001

101 1101000000000101
101 1101000000010001
101 1101000000010100
101 1101000000100000
101 1101000000100001
101 1101000000100010
101 1101000000100011
101 1101000000100100
101 1101000000100101
101 1101000000100110
101 1101000000100111
101 1101000000110000
101 1101000000111000
101 1101000001000001
101 1101000001000100
101 1101000100000101
101 1101000100010001
101 1101000100010100
101 1101000100100000
101 1101000100100001
101 1101000100100010
101 1101000100100011
101 1101000100100100
101 1101000100100101
101 1101000100100110
101 1101000100100111
101 1101000100110000
101 1101000100111000
101 1101000101000001
101 1101000101000100
101 11010000
101 11010001
101 110100000001
101 110100000100
101 110100010001
101 110100010100
101 1101100000000
101 1101100000001

101 0011000000000101
101 0011000000010001
101 0011000000010100
101 0011000000100000
101 0011000000100001
101 0011000000100010
101 0011000000100011
101 0011000000100100
101 0011000000100101
101 0011000000100110
101 0011000000100111
101 0011000000110000
101 0011000000111000
101 0011000001000001
101 0011000001000100
101 0011000100000101
101 0011000100010001
101 0011000100010100
101 0011000100100000
101 0011000100100001
101 0011000100100010
101 0011000100100011
101 0011000100100100
101 0011000100100101
101 0011000100100110
101 0011000100100111
101 0011000100110000
101 0011000100111000
101 0011000101000001
101 0011000101000100
101 00110000
101 00110001
101 001100000001
101 001100000100
101 001100010001
101 001100010100
101 0011100000000
101 0011100000001

101 1011000000000101
101 1011000000010001
101 1011000000010100
101 1011000000100000
101 1011000000100001
101 1011000000100010
101 1011000000100011
101 1011000000100100
101 1011000000100101
101 1011000000100110
101 1011000000100111
101 1011000000110000
101 1011000000111000
101 1011000001000001
101 1011000001000100
101 1011000100000101
101 1011000100010001
101 1011000100010100
101 1011000100100000
101 1011000100100001
101 1011000100100010
101 1011000100100011
101 1011000100100100
101 1011000100100101
101 1011000100100110
101 1011000100100111
101 1011000100110000
101 1011000100111000
101 1011000101000001
101 1011000101000100
101 10110000
101 10110001
101 101100000001
101 101100000100
101 101100010001
101 101100010100
101 1011100000000
101 1011100000001

101 0111000000000101
101 0111000000010001
101 0111000000010100
101 0111000000100000
101 0111000000100001
101 0111000000100010
101 0111000000100011
101 0111000000100100
101 0111000000100101
101 0111000000100110
101 0111000000100111
101 0111000000110000
101 0111000000111000
101 0111000001000001
101 0111000001000100
101 0111000100000101
101 0111000100010001
101 0111000100010100
101 0111000100100000
101 0111000100100001
101 0111000100100010
101 0111000100100011
101 0111000100100100
101 0111000100100101
101 0111000100100110
101 0111000100100111
101 0111000100110000
101 0111000100111000
101 0111000101000001
101 0111000101000100
101 01110000
101 01110001
101 011100000001
101 011100000100
101 011100010001
101 011100010100
101 0111100000000
101 0111100000001

101 1111000000000101
101 1111000000010001
101 1111000000010100
101 1111000000100000
101 1111000000100001
101 1111000000100010
101 1111000000100011
101 1111000000100100
101 1111000000100101
101 1111000000100110
101 1111000000100111
101 1111000000110000
101 1111000000111000
101 1111000001000001
101 1111000001000100
101 1111000100000101
101 1111000100010001
101 1111000100010100
101 1111000100100000
101 1111000100100001
101 1111000100100010
101 1111000100100011
101 1111000100100100
101 1111000100100101
101 1111000100100110
101 1111000100100111
101 1111000100110000
101 1111000100111000
101 1111000101000001
101 1111000101000100
101 11110000
101 11110001
101 111100000001
101 111100000100
101 111100010001
101 111100010100
101 1111100000000
101 1111100000001

101 0000110000000
101 0000110000001

101 1000110000000
101 1000110000001

101 0100110000000
101 0100110000001

101 1100110000000
101 1100110000001

101 0010110000000
101 0010110000001

101 1010110000000
101 1010110000001

101 0110110000000
101 0110110000001

101 1110110000000
101 1110110000001

101 0001110000000
101 0001110000001

101 1001110000000
101 1001110000001

101 0101110000000
101 0101110000001

101 1101110000000
101 1101110000001

101 0011110000000
101 0011110000001

101 1011110000000
101 1011110000001

101 0111110000000
101 0111110000001

101 1111110000000
101 1111110000001

101 0000101000000
101 0000101000001

101 1000101000000
101 1000101000001

101 0100101000000
101 0100101000001

101 1100101000000
101 1100101000001

101 0010101000000
101 0010101000001

101 1010101000000
101 1010101000001

101 0110101000000
101 0110101000001

101 1110101000000
101 1110101000001

101 0001101000000
101 0001101000001

101 1001101000000
101 1001101000001

101 0101101000000
101 0101101000001

101 1101101000000
101 1101101000001

101 0011101000000
101 0011101000001

101 1011101000000
101 1011101000001

101 0111101000000
101 0111101000001

101 1111101000000
101 1111101000001

101 0000111000000
101 0000111000001

101 1000111000000
101 1000111000001

101 0100111000000
101 0100111000001

