fails:
Bits: 0010000  11010010010001001  01  10000000  01  10010000  01  1000100111000  00  10001000  01  100010010001101000  00  00  10111100010  10101000010  1011100111110001  01  1001001101100  1000110101100  00  10110000010  101:11001-11110-10000;1101000000
Bits: 0010000  11010010010001001  01  10000000  01  10010000  01  1000100111000  00  10001000  01  100101111011101010  00  00  10111100010  10101000010  1011100111110001  01  1001001101100  1001100101100  00  10110000010  101:11001-11110-11101;110100000000000000
Bits: 0010000  11010010010001001  01  10000000  01  10010000  01  1000100111000  00  10001000  01  100111011010110100  00  00  10111100010  10101000010  1011100111110001  01  1001001101100  1000010101100  00  10110000010  101:11001-11110-10010;110100000000000000
Bits: 0010000  11010010010001001  01  10000000  01  10010000  01  1000100111000  00  10001000  01  100101110111110110  00  00  10111100010  10101000010  1011100111110001  01  1001001101100  1001100101100  00  10110000010  101:11001-11110-10000;110100000000000000


success:
Bits: 0010000  11010010010001001  01  10000000  01  10010000  01  1000100111000  00  10001000  01  100001110010101000  00  00  10111100010  10101000010  1011100111110001  01  1001001101100  1000110101100  00  10110000010  1011100111110001  01  1001101110100  10000010  00  00  0
Bits: 0010000  11010010010001001  01  10000000  01  10010000  01  1000100111000  00  10001000  01  100111111001110100  00  00  10111100010  10101000010  1011100111110001  01  1001001101100  1001100101100  00  10110000010  1011100111110001  01  1000001110100  10011010  00  00  0
Bits: 0010000  11010010010001001  01  10000000  01  10010000  01  1000100111000  00  10001000  01  100100010001110110  00  00  10111100010  10101000010  1011100111110001  01  1001001101100  1001100101100  00  10110000010  1011100111110001  01  1000110110100  1001100110000  00  00  00  00
Bits: 0010000  11010010010001001  01  10000000  01  10010000  01  1000100111000  00  10001000  01  100001011001101010  00  00  10111100010  10101000010  1011100111110001  01  1001001101100  1000010101100  00  10110000010  1011100111110001  01  1000100110100  10000010  00  00  0
