


0010000  1000001110000  01  10000000  01  10010000  01  101 0          00  10001000  01  100110011100110110  00  00  1010011100100010  1010100001010111  00  00  1010111011001000  1010110011110000  1010100111110000  1010111011110000  1010100001100000  1010110011100000  1010100111010000  1010110001110000  10000000000000000000
0010000  1000001110000  01  10000000  01  10010000  01  101 1          00  10001000  01  100110011100110110  00  00  1010011100100010  1010100001010111  00  00  1010111011001000  1010110011110000  1010100111110000  1010111011110000  1010100001100000  1010110011100000  1010100111010000  1010110001110000  10000000000000000000

0010000  1000001110000  01  10000000  01  10010000  01  101 00          00  10001000  01  100110011100110110  00  00  1010011100100010  1010100001010111  00  00  1010111011001000  1010110011110000  1010100111110000  1010111011110000  1010100001100000  1010110011100000  1010100111010000  1010110001110000  1000000000000000000
0010000  1000001110000  01  10000000  01  10010000  01  101 11          00  10001000  01  100110011100110110  00  00  1010011100100010  1010100001010111  00  00  1010111011001000  1010110011110000  1010100111110000  1010111011110000  1010100001100000  1010110011100000  1010100111010000  1010110001110000  1000000000000000000

0010000  1000001110000  01  10000000  01  10010000  01  101 000          00  10001000  01  100110011100110110  00  00  1010011100100010  1010100001010111  00  00  1010111011001000  1010110011110000  1010100111110000  1010111011110000  1010100001100000  1010110011100000  1010100111010000  1010110001110000  100000000000000000
0010000  1000001110000  01  10000000  01  10010000  01  101 111          00  10001000  01  100110011100110110  00  00  1010011100100010  1010100001010111  00  00  1010111011001000  1010110011110000  1010100111110000  1010111011110000  1010100001100000  1010110011100000  1010100111010000  1010110001110000  100000000000000000

0010000  1000001110000  01  10000000  01  10010000  01  101 0000          00  10001000  01  100110011100110110  00  00  1010011100100010  1010100001010111  00  00  1010111011001000  1010110011110000  1010100111110000  1010111011110000  1010100001100000  1010110011100000  1010100111010000  1010110001110000  10000000000000000
0010000  1000001110000  01  10000000  01  10010000  01  101 1111          00  10001000  01  100110011100110110  00  00  1010011100100010  1010100001010111  00  00  1010111011001000  1010110011110000  1010100111110000  1010111011110000  1010100001100000  1010110011100000  1010100111010000  1010110001110000  10000000000000000

0010000  1000001110000  01  10000000  01  10010000  01  101 00000          00  10001000  01  100110011100110110  00  00  1010011100100010  1010100001010111  00  00  1010111011001000  1010110011110000  1010100111110000  1010111011110000  1010100001100000  1010110011100000  1010100111010000  1010110001110000  1000000000000000
0010000  1000001110000  01  10000000  01  10010000  01  101 11111          00  10001000  01  100110011100110110  00  00  1010011100100010  1010100001010111  00  00  1010111011001000  1010110011110000  1010100111110000  1010111011110000  1010100001100000  1010110011100000  1010100111010000  1010110001110000  1000000000000000

0010000  1000001110000  01  10000000  01  10010000  01  101 000000          00  10001000  01  100110011100110110  00  00  1010011100100010  1010100001010111  00  00  1010111011001000  1010110011110000  1010100111110000  1010111011110000  1010100001100000  1010110011100000  1010100111010000  1010110001110000  100000000000000
0010000  1000001110000  01  10000000  01  10010000  01  101 111111          00  10001000  01  100110011100110110  00  00  1010011100100010  1010100001010111  00  00  1010111011001000  1010110011110000  1010100111110000  1010111011110000  1010100001100000  1010110011100000  1010100111010000  1010110001110000  100000000000000

0010000  1000001110000  01  10000000  01  10010000  01  101 0000000          00  10001000  01  100110011100110110  00  00  1010011100100010  1010100001010111  00  00  1010111011001000  1010110011110000  1010100111110000  1010111011110000  1010100001100000  1010110011100000  1010100111010000  1010110001110000  10000000000000
0010000  1000001110000  01  10000000  01  10010000  01  101 1111111          00  10001000  01  100110011100110110  00  00  1010011100100010  1010100001010111  00  00  1010111011001000  1010110011110000  1010100111110000  1010111011110000  1010100001100000  1010110011100000  1010100111010000  1010110001110000  10000000000000

0010000  1000001110000  01  10000000  01  10010000  01  101 00000000          00  10001000  01  100110011100110110  00  00  1010011100100010  1010100001010111  00  00  1010111011001000  1010110011110000  1010100111110000  1010111011110000  1010100001100000  1010110011100000  1010100111010000  1010110001110000  1000000000000
0010000  1000001110000  01  10000000  01  10010000  01  101 11111111          00  10001000  01  100110011100110110  00  00  1010011100100010  1010100001010111  00  00  1010111011001000  1010110011110000  1010100111110000  1010111011110000  1010100001100000  1010110011100000  1010100111010000  1010110001110000  1000000000000

0010000  1000001110000  01  10000000  01  10010000  01  101 000000000          00  10001000  01  100110011100110110  00  00  1010011100100010  1010100001010111  00  00  1010111011001000  1010110011110000  1010100111110000  1010111011110000  1010100001100000  1010110011100000  1010100111010000  1010110001110000  100000000000
0010000  1000001110000  01  10000000  01  10010000  01  101 111111111          00  10001000  01  100110011100110110  00  00  1010011100100010  1010100001010111  00  00  1010111011001000  1010110011110000  1010100111110000  1010111011110000  1010100001100000  1010110011100000  1010100111010000  1010110001110000  100000000000

0010000  1000001110000  01  10000000  01  10010000  01  101 0000000000          00  10001000  01  100110011100110110  00  00  1010011100100010  1010100001010111  00  00  1010111011001000  1010110011110000  1010100111110000  1010111011110000  1010100001100000  1010110011100000  1010100111010000  1010110001110000  10000000000
0010000  1000001110000  01  10000000  01  10010000  01  101 1111111111          00  10001000  01  100110011100110110  00  00  1010011100100010  1010100001010111  00  00  1010111011001000  1010110011110000  1010100111110000  1010111011110000  1010100001100000  1010110011100000  1010100111010000  1010110001110000  10000000000

0010000  1000001110000  01  10000000  01  10010000  01  101 00000000000          00  10001000  01  100110011100110110  00  00  1010011100100010  1010100001010111  00  00  1010111011001000  1010110011110000  1010100111110000  1010111011110000  1010100001100000  1010110011100000  1010100111010000  1010110001110000  1000000000
0010000  1000001110000  01  10000000  01  10010000  01  101 11111111111          00  10001000  01  100110011100110110  00  00  1010011100100010  1010100001010111  00  00  1010111011001000  1010110011110000  1010100111110000  1010111011110000  1010100001100000  1010110011100000  1010100111010000  1010110001110000  1000000000

0010000  1000001110000  01  10000000  01  10010000  01  101 000000000000          00  10001000  01  100110011100110110  00  00  1010011100100010  1010100001010111  00  00  1010111011001000  1010110011110000  1010100111110000  1010111011110000  1010100001100000  1010110011100000  1010100111010000  1010110001110000  10000000000000000
0010000  1000001110000  01  10000000  01  10010000  01  101 111111111111          00  10001000  01  100110011100110110  00  00  1010011100100010  1010100001010111  00  00  1010111011001000  1010110011110000  1010100111110000  1010111011110000  1010100001100000  1010110011100000  1010100111010000  1010110001110000  10000000000000000

0010000  1000001110000  01  10000000  01  10010000  01  101 0000000000000          00  10001000  01  100110011100110110  00  00  1010011100100010  1010100001010111  00  00  1010111011001000  1010110011110000  1010100111110000  1010111011110000  1010100001100000  1010110011100000  1010100111010000  1010110001110000  1000000000000000
0010000  1000001110000  01  10000000  01  10010000  01  101 1111111111111          00  10001000  01  100110011100110110  00  00  1010011100100010  1010100001010111  00  00  1010111011001000  1010110011110000  1010100111110000  1010111011110000  1010100001100000  1010110011100000  1010100111010000  1010110001110000  1000000000000000

0010000  1000001110000  01  10000000  01  10010000  01  101 00000000000000          00  10001000  01  100110011100110110  00  00  1010011100100010  1010100001010111  00  00  1010111011001000  1010110011110000  1010100111110000  1010111011110000  1010100001100000  1010110011100000  1010100111010000  1010110001110000  100000000000000
0010000  1000001110000  01  10000000  01  10010000  01  101 11111111111111          00  10001000  01  100110011100110110  00  00  1010011100100010  1010100001010111  00  00  1010111011001000  1010110011110000  1010100111110000  1010111011110000  1010100001100000  1010110011100000  1010100111010000  1010110001110000  100000000000000

0010000  1000001110000  01  10000000  01  10010000  01  101 000000000000000          00  10001000  01  100110011100110110  00  00  1010011100100010  1010100001010111  00  00  1010111011001000  1010110011110000  1010100111110000  1010111011110000  1010100001100000  1010110011100000  1010100111010000  1010110001110000  10000000000000
0010000  1000001110000  01  10000000  01  10010000  01  101 111111111111111          00  10001000  01  100110011100110110  00  00  1010011100100010  1010100001010111  00  00  1010111011001000  1010110011110000  1010100111110000  1010111011110000  1010100001100000  1010110011100000  1010100111010000  1010110001110000  10000000000000

0010000  1000001110000  01  10000000  01  10010000  01  101 0000000000000000          00  10001000  01  100110011100110110  00  00  1010011100100010  1010100001010111  00  00  1010111011001000  1010110011110000  1010100111110000  1010111011110000  1010100001100000  1010110011100000  1010100111010000  1010110001110000  1000000000000
0010000  1000001110000  01  10000000  01  10010000  01  101 1111111111111111          00  10001000  01  100110011100110110  00  00  1010011100100010  1010100001010111  00  00  1010111011001000  1010110011110000  1010100111110000  1010111011110000  1010100001100000  1010110011100000  1010100111010000  1010110001110000  1000000000000
