

Serial found on discord:  @Ugydj=2}TYgT+$BRLlx>!iE7l4p){zHsFA3ds4%EKs8Xm=s9dODh=;Mc0s
Result:  25, 0, 1, 50| 2, 474|| {59:010} {2:010} {3:010} {4:010} {6:010} {1:100:3} {20:010} {66:010} {65:010} {73:010} {16:010} {29:010} {34:010} {33:010} {44:010} {47:010}|
foundLevel: 50
Bits: 0010000  1001001110000  01  10000000  01  10010000  01  1000100111000  00  10001000  01  11010010010110111  00  00  1011101111000010  10101000010  10111000010  10100100010  10101100010  10110000100110000  1010010110000010  1010100100100010  1011000100100010  1011001100100010  1010000110000010  1011011110000010  1010100101000010  1011000101000010  1010011101000010  1011111101000010  00  111100001100011011001110101000000

Valid 111 string:
  111100001100011011001110101000000


testing:



25:
0010000  1000001110000  01  10000000  01  10010000  01  101 10011100 00000         00  10001000  01  100110011100110110  00  00  1010011100100010  1010100001010111  00  00  1010111011001000  1010110011110000  1010100111110000  1010111011110000  1010100001100000  1010110011100000  1010100111010000  1010110001110000  1000000000000000
0010000  1000001110000  01  10000000  01  10010000  01  101 10011100 00001         00  10001000  01  100110011100110110  00  00  1010011100100010  1010100001010111  00  00  1010111011001000  1010110011110000  1010100111110000  1010111011110000  1010100001100000  1010110011100000  1010100111010000  1010110001110000  1000000000000000

"0":
0010000  1000001110000  01  10000000  01  10010000  01  101 10011100 00010         00  10001000  01  100110011100110110  00  00  1010011100100010  1010100001010111  00  00  1010111011001000  1010110011110000  1010100111110000  1010111011110000  1010100001100000  1010110011100000  1010100111010000  1010110001110000  1000000000000000
0010000  1000001110000  01  10000000  01  10010000  01  101 10011100 00011         00  10001000  01  100110011100110110  00  00  1010011100100010  1010100001010111  00  00  1010111011001000  1010110011110000  1010100111110000  1010111011110000  1010100001100000  1010110011100000  1010100111010000  1010110001110000  1000000000000000
0010000  1000001110000  01  10000000  01  10010000  01  101 10011100 00100000000   00  10001000  01  100110011100110110  00  00  1010011100100010  1010100001010111  00  00  1010111011001000  1010110011110000  1010100111110000  1010111011110000  1010100001100000  1010110011100000  1010100111010000  1010110001110000  1000000000
0010000  1000001110000  01  10000000  01  10010000  01  101 10010100 000000        00  10001000  01  100110011100110110  00  00  1010011100100010  1010100001010111  00  00  1010111011001000  1010110011110000  1010100111110000  1010111011110000  1010100001100000  1010110011100000  1010100111010000  1010110001110000  1000000

corrupted: (unaligned?)
0010000  1000001110000  01  10000000  01  10010000  01  101 10011100 00100         00  10001000  01  100110011100110110  00  00  1010011100100010  1010100001010111  00  00  1010111011001000  1010110011110000  1010100111110000  1010111011110000  1010100001100000  1010110011100000  1010100111010000  1010110001110000  1000000000000000
0010000  1000001110000  01  10000000  01  10010000  01  101 10011100 01000         00  10001000  01  100110011100110110  00  00  1010011100100010  1010100001010111  00  00  1010111011001000  1010110011110000  1010100111110000  1010111011110000  1010100001100000  1010110011100000  1010100111010000  1010110001110000  1000000000000000
0010000  1000001110000  01  10000000  01  10010000  01  101 10011100 00000 000000  00  10001000  01  100110011100110110  00  00  1010011100100010  1010100001010111  00  00  1010111011001000  1010110011110000  1010100111110000  1010111011110000  1010100001100000  1010110011100000  1010100111010000  1010110001110000  1000000000
0010000  1000001110000  01  10000000  01  10010000  01  101 10011 0000             00  10001000  01  100110011100110110  00  00  1010011100100010  1010100001010111  00  00  1010111011001000  1010110011110000  1010100111110000  1010111011110000  1010100001100000  1010110011100000  1010100111010000  1010110001110000  100000000000

didn't spawn: (>50? corrupted?)
0010000  1000001110000  01  10000000  01  10010000  01  101 10011100 10000         00  10001000  01  100110011100110110  00  00  1010011100100010  1010100001010111  00  00  1010111011001000  1010110011110000  1010100111110000  1010111011110000  1010100001100000  1010110011100000  1010100111010000  1010110001110000  1000000000000000
0010000  1000001110000  01  10000000  01  10010000  01  101 10011100 00100 00000   00  10001000  01  100110011100110110  00  00  1010011100100010  1010100001010111  00  00  1010111011001000  1010110011110000  1010100111110000  1010111011110000  1010100001100000  1010110011100000  1010100111010000  1010110001110000  10000000000
0010000  1000001110000  01  10000000  01  10010000  01  101 10011100 0000          00  10001000  01  100110011100110110  00  00  1010011100100010  1010100001010111  00  00  1010111011001000  1010110011110000  1010100111110000  1010111011110000  1010100001100000  1010110011100000  1010100111010000  1010110001110000  10000000000000000
0010000  1000001110000  01  10000000  01  10010000  01  101 10011100 0000          00  10001000  01  100110011100110110  00  00  1010011100100010  1010100001010111  00  00  1010111011001000  1010110011110000  1010100111110000  1010111011110000  1010100001100000  1010110011100000  1010100111010000  1010110001110000  10000000000000000
0010000  1000001110000  01  10000000  01  10010000  01  101 10010 0000             00  10001000  01  100110011100110110  00  00  1010011100100010  1010100001010111  00  00  1010111011001000  1010110011110000  1010100111110000  1010111011110000  1010100001100000  1010110011100000  1010100111010000  1010110001110000  100000000000



111000110100000100011000001001000111111011000001010010101110101100011111101110110110000111111110100001101010110111110100110111010011111001110100110111011001001110000110100111100111111111010110011100101101001111100111001011110010111011011000011101001111010011110011111001111001011111101101110111011000001010110100010101010000101011000011101000011110101010000010001100000100100011111101100000101001010111010000011110000110100111001011111111010100011100001101001110100111101001100110111111101000011010001101111101011001110010110100111110011100101111001011101101100001110100111101001111001111100111100101111110110111011101100100101010011001010100011100000101010010101000010101111010100001010100111010000101011011101000010101101011100001010101011110000100000000
11100011010000010001100000100100011111101100000101001010111010110001111110111011011000011111111010000110101011011111010011011101001111100111010011011101100100111000011010011110011111111101011001110010110100111110011100101111001011101101100001110100111101001111001111100111100101111110110111011101100000101011100001010100100010111101010100000100011000001001000111111011000001010010101110100000111100001101001110010111111110101000111000011010011101001111010011001101111111010000110100011011111010110011100101101001111100111001011110010111011011000011101001111010011110011111001111001011111101101110111011000110000010101010100101010001110000010101001010100001010111101010000101010011101000010101101110100001010110101110000101011111111000010000






0010000  1000001110000  01  10000000  01  10010000  01  101 10011100 00000  00  10001000  01  100110011100110110  00  00  1010011100100010  1010100001010111  00  00  1010111011001000  1010110011110000  1010100111110000  1010111011110000  1010100001100000  1010110011100000  1010100111010000  1010110001110000  1000000000000000


101 BBBBcBBBBBcBBBBcBB
    BBBBcBBBBc
