bitswap from 54
Original from previous bitswap: @Ug!pHG38o5YO)92A)h-nP
cla vex  2 | no rarity    | nothing   no level | @Ug!pHG2@aC}/NsC0/Nnmg
cla vex  4 | no rarity    | nothing            | @Ug!pHG38o4F
cla vex    | no rarity    | nothing            | @Ug!pHG38o5YNdN
cla vex    | no rarity    | 1 arms    no melee | @Ug!pHG38o5YO#%

cla vex    | no rarity    | 1 arms    1 bottle | @Ug!pHG38o5YT`HzQ)h-nP
cla vex    | no rarity    | 1 cat     1 bottle | @Ug!pHG38o5YZ7QZg)h-nP
cla vex    | no rarity    | 1 skullR  1 bottle | @Ug!pHG38o5YOe&^9)h-nP
cla vex    | no rarity    | 1 bullet  1 bottle | @Ug!pHG38o6@O)92A)h-nP
cla vex    | no rarity    | 1 square  1 bottle | @Ug!pHG38o5YPb#KC)h-nP
cla vex    | no rarity    | 1 skullG  1 bottle | @Ug!pHG38o5YMJlF2)h-nP
cla vex    | no rarity    | 1 feet    1 bottle | @Ug!pHG38o4tO)92A)h-nP
cla vex    | no rarity    | 1 empty   1 bottle | @Ug!pHG38o5Y4JxKV)h-nP


0010000  1000111111110  01  10000000  01  10010000  01  1001010101000  00  00  1011010110010010  1011010110010010  00 00 0
0010000  1000111111110  01  10000000  01  10010000  01  1001010101000  00  00  1011010110010010  1011010110010010  1011010110010010  1011010110010010  00 00 0
0010000  1000111111110  01  10000000  01  10010000  01  1001010101000  00  00  1011010110010010  1011010110010010  00 00 0
0010000  1000111111110  01  10000000  01  10010000  01  1001010101000  00  00  1011010110010010  1011010110010010  1011010110010010  1011010110010010  1011010110010010  1011010110010010  1011010110010010  1011010110010010  00 00 0
0010000  1000111111110  01  10000000  01  10010000  01  1001010101000  00  00  1011010110010010  1011010110010010  1011010110010010  1011010110010010  1011010110010010  1011010110010010  1011010110010010  1011010110010010  1011010110010010  1011010110010010  1011010110010010  1011010110010010  1011010110010010  1011010110010010  1011010110010010  1011010110010010  00 00 0


1 arms    no melee | 0010000  1000111111110  01  10000000  01  10010000  01  1001010101000  00  00  1011010110010010  00 00 0
1 arms    1 bottle | 0010000  1000111111110  01  10000000  01  10010000  01  1001010101000  00  00  101101011101001010100011001011000001010101011011101001010100000000000
1 cat     1 bottle | 0010000  1000111111110  01  10000000  01  10010000  01  1001010101000  00  00  101101011011001010100011001011000001010101011011101001010100000000000
1 skullR  1 bottle | 0010000  1000111111110  01  10000000  01  10010000  01  1001010101000  00  00  101100011001001010100011001011000001010101011011101001010100000000000
1 bullet  1 bottle | 0010000  1000111111110  01  10000000  01  10010000  01  1001010101000  00  00  101111011001001010100011001011000001010101011011101001010100000000000
1 square  1 bottle | 0010000  1000111111110  01  10000000  01  10010000  01  1001010101000  00  00  101101111001001010100011001011000001010101011011101001010100000000000
1 skullG  1 bottle | 0010000  1000111111110  01  10000000  01  10010000  01  1001010101000  00  00  101101010001001010100011001011000001010101011011101001010100000000000
1 feet    1 bottle | 0010000  1000111111110  01  10000000  01  10010000  01  1001010101000  00  00  101001011001001010100011001011000001010101011011101001010100000000000
1 empty   1 bottle | 0010000  1000111111110  01  10000000  01  10010000  01  1001010101000  00  00  101101011000001010100011001011000001010101011011101001010100000000000


1 arms    1 bottle: [4 254 0 3 0 0 0 1 2632 5 37 0    168636754    197                   5253   6 43477664 13 23978 8 5 5 0]
1 cat     1 bottle: [4 254 0 3 0 0 0 1 2632 5 37 0    4435                 27018   305   5253   6 43477664 13 23978 8 5 5 0]
1 skullR  1 bottle: [4 254 0 3 0 0 0 1 2632 5 37 0    338          6       27018   9     5253   6 43477664 13 23978 8 5 5 0]
1 bullet  1 bottle: [4 254 0 3 0 0 0 1 2632 5 37 0    216148               27018   9     5253   6 43477664 13 23978 8 5 5 0]
1 square  1 bottle: [4 254 0 3 0 0 0 1 2632 5 37 0    12626                27018   9     5253   6 43477664 13 23978 8 5 5 0]
1 skullG  1 bottle: [4 254 0 3 0 0 0 1 2632 5 37 0    18          162                    5253   6 43477664 13 23978 8 5 5 0]
1 feet    1 bottle: [4 254 0 3 0 0 0 1 2632 5 37 0    13                   27018   9     5253   6 43477664 13 23978 8 5 5 0]
1 empty   1 bottle: [4 254 0 3 0 0 0 1 2632 5 37 0    4432                 27018   8            6 43477664 13 23978 8 5 5 0]




0010000  1000111111110  01  10000000  01  10010000  01  1001010101000  00 00   101101011101001010100011001011000001010101011011101001010100000000000



0010000  1000111111110  01  10000000  01  10010000  01  1001010101000  00 00   1011010111010010 101000110010110000010  10101011011101001010100000000000
0010000  1000111111110  01  10000000  01  10010000  01  1001010101000  00 00   1011010111010010 001000110010110000010  10101011011101001010100000000000
0010000  1000111111110  01  10000000  01  10010000  01  1001010101000  00 00   1011010111010010 100000110010110000010  10101011011101001010100000000000
0010000  1000111111110  01  10000000  01  10010000  01  1001010101000  00 00   1011010111010010 101000010010110000010  10101011011101001010100000000000
0010000  1000111111110  01  10000000  01  10010000  01  1001010101000  00 00   1011010111010010 101000100010110000010  10101011011101001010100000000000
0010000  1000111111110  01  10000000  01  10010000  01  1001010101000  00 00   1011010111010010 101000110000110000010  10101011011101001010100000000000
0010000  1000111111110  01  10000000  01  10010000  01  1001010101000  00 00   1011010111010010 101000110010010000010  10101011011101001010100000000000
0010000  1000111111110  01  10000000  01  10010000  01  1001010101000  00 00   1011010111010010 101000110010000000010  10101011011101001010100000000000




0010000  1000111111110  01  10000000  01  10010000  01  1001010101000  00 00   101101011101001010100011001011000001010101011011101001010100000000000
0010000  1000111111110  01  10000000  01  10010000  01  1001010101000  00 00   10110101110100  10101011011101001010100000000000 0000000
0010000  1000111111110  01  10000000  01  10010000  01  1001010101000  00 00    10101000110010110000010  10101011011101001010100000000000000000
0010000  1000111111110  01  10000000  01  10010000  01  1001010101000  00 00     1010101101110100101010000000000000000




0010000  1000111111110  01  10000000  01  10010000  01  1001010101000  00  00  1011010111010010    101000110010110000010  10101011011101001010100000000000

2 bottles
0010000  1000111111110  01  10000000  01  10010000  01  1001010101000  00  00  1011010111010010    101000110010110000010 101000110010110000010  10101011011101001010100000000000000

                                                                               V red arms
0010000  1000111111110  01  10000000  01  10010000  01  1001010101000  00  00  1011010111010010 1011010111010010    10100011001011000001010101011011101001010100000000000

0010000  1000111111110  01  10000000  01  10010000  01  1001010101000  00  00  1011010111010010 1011010111010010    10100011001011000001010101011011101001010100000000000

:broke blue arms
0010000  1000111111110  01  10000000  01  10010000  01  1001010101000  00  00  1011010111010010    1010001100 1010001100    1011000001010101011011101001010100000000000000000
no effect:
0010000  1000111111110  01  10000000  01  10010000  01  1001010101000  00  00  1011010111010010    1010001100101100000 1010001100101100000    101010101101110100101010000000000000000
no effect:
0010000  1000111111110  01  10000000  01  10010000  01  1001010101000  00  00  1011010111010010    10100011001011000001010 10100011001011000001010    1010110111010010101000000000000
0010000  1000111111110  01  10000000  01  10010000  01  1001010101000  00  00  1011010111010010    1010001100101100000101010101 1010001100101100000101010101    10111010010101000000000000000

0010000  1000111111110  01  10000000  01  10010000  01  1001010101000  00  00  1011010111010010    10100011001011000001010101011011 10100011001011000001010101011011    101001010100000000000





0010000  1000111111110  01  10000000  01  10010000  01  1001010101000  00  00  101101011101001010100011001011000001010101011011101001010100000000000


0010000  1000111111110  01  10000000  01  10010000  01  1001010101000  00  00  1011010111010010  1010001100101100000  1010101011011101001010100000000000
ok:
0010000  1000111111110  01  10000000  01  10010000  01  1001010101000  00  00  1011010111010010  1011010111010010  1010001100101100000  1010101011011101001010100000000000
spawned: no change?
0010000  1000111111110  01  10000000  01  10010000  01  1001010101000  00  00  1011010111010010  1010001100101100000 1010001100101100000  101010101101110100101010000000000000000


0010000  1000111111110  01  10000000  01  10010000  01  1001010101000  00  00  1011010111010010  10100011001011000001010  101011011101001010100000000000
spawned: no change?
0010000  1000111111110  01  10000000  01  10010000  01  1001010101000  00  00  1011010111010010  1010001100101100000101010100011001011000001010  1010110111010010101000000000000


0010000  1000111111110  01  10000000  01  10010000  01  1001010101000  00  00  1011010111010010  1010001100101100000101010101  1011101001010100000000000
spawned: added 1Gboom
0010000  1000111111110  01  10000000  01  10010000  01  1001010101000  00  00  1011010111010010  1010001100101100000101010101 1010001100101100000101010101  10111010010101000000000000000


0010000  1000111111110  01  10000000  01  10010000  01  1001010101000  00  00  1011010111010010  10100011001011000001010101011011  101001010100000000000
0010000  1000111111110  01  10000000  01  10010000  01  1001010101000  00  00  1011010111010010  10100011001011000001010101011011  10100011001011000001010101011011  101001010100000000000


0010000  1000111111110  01  10000000  01  10010000  01  1001010101000  00  00  1011010111010010  1010001100101100000101010101101110100    1010100000000000




0010000  1000001110000  01  10000000  01  10010000  01  1000100111000  00  10001000  01  100110011100110110  00  00  1010011100100010  10101000010  10111000010  1011101100100010  1011001111000010  1010011111000010  1011101111000010  1010000110000010  1011001110000010  1010011101000010  1011000111000010  00  00  00  00  0

