
no skill+melee+red skin:      0010000  1000111111110  01  10000000  01  10010000  01  1001010101000  00  00                                        10101011011101001010100000000
no skill+melee+white skin:    0010000  1000111111110  01  10000000  01  10010000  01  1001010101000  00  00  10101000010                           1010101101110100101010000000000000



                                                                                                                                                     ARMS               BOTTLE                  MELEE
arm    bottle    melee     0010000  1000111111110  01  10000000  01  10010000  01  1001010101000                                        00  00   1011010111010010   101000110010110000010   10101011011101001010100000000000
arm    ------    melee     0010000  1000111111110  01  10000000  01  10010000  01  1001010101000                                        00  00   1011010111010010                           10101011011101001010100000000
arm    ------    -----     0010000  1000111111110  01  10000000  01  10010000  01  1001010101000                                        00  00   1011010111010010                           00000
arm    bottle    -----     0010000  1000111111110  01  10000000  01  10010000  01  1001010101000                                        00  00   1011010111010010   101000110010110000010
---    bottle    melee     0010000  1000111111110  01  10000000  01  10010000  01  1001010101000                                        00  00                      101000110010110000010   10101011011101001010100000000000
---    bottle    -----     0010000  1000111111110  01  10000000  01  10010000  01  1001010101000                                        00  00                      101000110010110000010   10101011011101001010100000000000
original                   0010000  1000111111110  01  10000000  01  10010000  01  1001010101000  00  10001000  01  100010110101100110  00  00  1011001110110010101111000101011001100001100000101010001100101100000101010101101110100101010000000000000


ERROR  bottle    melee     0010000  1000111111110  01  10000000  01  10010000  01  1001010101000  00  00   1011010110000010   101000110010110000010   10101011011101001010100000000000




