0010000100110000110000000011001000001100010011100000100010000110011011101011110000001010100001010111000010101101000101010010001010101100010101000011010001010111001110000101010010111000010101101011100001010110110010101100011000001010101011100000101011111110000010101011111000001010110011010000101011111101000010101100010010001000
001000010011000011000000001100100000110001001110000010001000011001101110101111000000101100011010001010111000010101101000101010010001010101100010101000011010001010111001110000101010010111000010101101011100001010110110010101100011000001010101011100000101011111110000010101011111000001010110011010000101011111101000010101100010010001000000
001000010011000011000000001100100000110001001110000010001000011001101110101111000000101100011010001010101000010101101000101010010001010101100010101000011010001010111001110000101010010111000010101101011100001010110110010101100011000001010101011100000101011111110000010101011111000001010110011010000101011111101000010101100010010001000000
001000010011000011000000001100100000110001001110000010001000011001101110101111000000101100011010001010101000010101110000101010010001010101100010101000011010001010111001110000101010010111000010101101011100001010110110010101100011000001010101011100000101011111110000010101011111000001010110011010000101011111101000010101100010010001000000
001000010011000011000000001100100000110001001110000010001000011001101110101111000000101100011010001010101000010101110000101011010001010101100010101000011010001010111001110000101010010111000010101101011100001010110110010101100011000001010101011100000101011111110000010101011111000001010110011010000101011111101000010101100010010001000000
001000010011000011000000001100100000110001001110000010001000011001101110101111000000101100011010001010101000010101110000101011010001010100100010101000011010001010111001110000101010010111000010101101011100001010110110010101100011000001010101011100000101011111110000010101011111000001010110011010000101011111101000010101100010010001000000
0010000100110000110000000011001000001100010011100000100010000110011011101011110000001011000110100010101010000101011100001010110100010101001000101010110001010111001110000101010010111000010101101011100001010110110010101100011000001010101011100000101011111110000010101011111000001010110011010000101011111101000010101100010010001000
0010000100110000110000000011001000001100010011100000100010000110011011101011110000001011000110100010101010000101011100001010110100010101001000101010110001010100001101000101010010111000010101101011100001010110110010101100011000001010101011100000101011111110000010101011111000001010110011010000101011111101000010101100010010001000
0010000100110000110000000011001000001100010011100000100010000110011011101011110000001011000110100010101010000101011100001010110100010101001000101010110001010100001101000101011100111000010101101011100001010110110010101100011000001010101011100000101011111110000010101011111000001010110011010000101011111101000010101100010010001000
0010000100110000110000000011001000001100010011100000100010000110011011101011110000001011000110100010101010000101011100001010110100010101001000101010110001010100001101000101011100111000010101001011100001010110110010101100011000001010101011100000101011111110000010101011111000001010110011010000101011111101000010101100010010001000
001000010011000011000000001100100000110001001110000010001000011001101110101111000000101100011010001010101000010101110000101011010001010100100010101011000101010000110100010101110011100001010100101110000101011010111000010101100011000001010101011100000101011111110000010101011111000001010110011010000101011111101000010101100010010001000000
0010000100110000110000000011001000001100010011100000100010000110011011101011110000001011000110100010101010000101011100001010110100010101001000101010110001010100001101000101011100111000010101001011100001010110101110000101011011001010101011100000101011111110000010101011111000001010110011010000101011111101000010101100010010001000
0010000100110000110000000011001000001100010011100000100010000110011011101011110000001011000110100010101010000101011100001010110100010101001000101010110001010100001101000101011100111000010101001011100001010110101110000101011011001010110001100000101011111110000010101011111000001010110011010000101011111101000010101100010010001000
0010000100110000110000000011001000001100010011100000100010000110011011101011110000001011000110100010101010000101011100001010110100010101001000101010110001010100001101000101011100111000010101001011100001010110101110000101011011001010110001100000101010101110000010101011111000001010110011010000101011111101000010101100010010001000
0010000100110000110000000011001000001100010011100000100010000110011011101011110000001011000110100010101010000101011100001010110100010101001000101010110001010100001101000101011100111000010101001011100001010110101110000101011011001010110001100000101010101110000010101111111000001010110011010000101011111101000010101100010010001000
0010000100110000110000000011001000001100010011100000100010000110011011101011110000001011000110100010101010000101011100001010110100010101001000101010110001010100001101000101011100111000010101001011100001010110101110000101011011001010110001100000101010101110000010101111111000001010101111100000101011111101000010101100010010001000
0010000100110000110000000011001000001100010011100000100010000110011011101011110000001011000110100010101010000101011100001010110100010101001000101010110001010100001101000101011100111000010101001011100001010110101110000101011011001010110001100000101010101110000010101111111000001010101111100000101011001101000010101100010010001000
0010000100110000110000000011001000001100010011100000100010000110011011101011110000001011000110100010101010000101011100001010110100010101001000101010110001010100001101000101011100111000010101001011100001010110101110000101011011001010110001100000101010101110000010101111111000001010101111100000101011001101000010101111110100001000

Name: discord gun 3 // NO MAGAZINE
Serial: @UgbV{rFme!Kc0JHoRG/*Fs6;g?Eb1I89cmqFQ*}^(P<>FdP`^+k5d
Result:  3, 0, 1, 50| 2, 1883|| {81:010} {2:010} {3:010} {5:010} {4:010} {6:010} {80:010} {51:010} {52:010} {53:010} {13:010} {26:010} {31:010} {30:010} {41:010} {47:010} {65:010}|
foundLevel: 50
Bits: 0010000  10011000  01  10000000  01  10010000  01  1000100111000  00  10001000  01  100110111010111100  00  00  1011000110100010  10101000010  10111000010  10110100010  10100100010  10101100010  1010000110100010  1011100111000010  1010010111000010  1011010111000010  10110110010  1010101110000010  1011111110000010  1010111110000010  1011001101000010  1011111101000010  1011000100100010  00


0010000  10011000  01  10000000  01  10010000  01  1000100111000  00  10001000  01  100110111010111100  00  00  1011000110100010  10101000010  10111000010  10110100010  10100100010  10101100010  1010000110100010  1011100111000010  1010010111000010  1011010111000010  10110110010  101 1111111110 010  1010101110000010  1011111110000010  1010111110000010  1011001101000010  1011111101000010  1011000100100010  00
0010000  10011000  01  10000000  01  10010000  01  1000100111000  00  10001000  01  100110111010111100  00  00  1011000110100010  10101000010  10111000010  10110100010  10100100010  10101100010  1010000110100010  1011100111000010  1010010111000010  1011010111000010  10110110010  101 0000100000 010  1010101110000010  1011111110000010  1010111110000010  1011001101000010  1011111101000010  1011000100100010  00
