














0010000  1000001110000  01  10000000  01  10010000  01  1000100111000  00  10001000  01  100110011100110110  00  00  1010011100100010  10101000010  10111000010  1011101100100010  1011001111000010  1010011111000010  1011101111000010  1010000110000010  1011001110000010  1010011101000010  1011000111000010  1011010111010010      00000000000000000



Interchangeable jakobs part:
1010011100100010
10101000010
10111000010
1011101100100010
1011001111000010
1010011111000010
1011101111000010
1010000110000010
1011001110000010
1010011101000010
1011000111000010
1011010111010010

Problematic string:
10110010010101000100101010110111110101011100000001010001111110001011001000110000100000011000000000000000
1011001001010100010010101011011111010101110000000 1010001111110001 01 1001000110000 1000000110 00000000000000





10110010010101000100101010110111110101011100000001010001111110001011001000110000100000011000000000000000



0010000  1000001110000  01  10000000  01  10010000  01  1000100111000  00  10001000  01  100110011100110110      00  00  1010011100100010  10101000010  10111000010  1011101100100010 1011001111000010  1010011111000010  1011101111000010  1010000110000010  1011001110000010  1010011101000010  1011000111000010  1010001100101100    000000000
0010000  11010010001101001  01  10000000  01  10010000  01  1000100111000  00  10001000  01  100110010000110100  00  00  1011001001010100010010101011011111010101110000000101000111111000101100111001000110000000000
0010000  11010010001101001  01  10000000  01  10010000  01  1000100111000  00  10001000  01  1000000100110       00  00  1011001001010100010010101011011111010101110000000 1010001111110001 01 1001000110000 1000000110000 00000000000


0010000  11010010001101001  01  10000000  01  10010000  01  1000100111000  00  10001000  01  1000000100110       00  00  10110010010  10100010010  101011011111010101110000000  1010001111110001  01  1001000110000  1000000110000  00000000000
0010000  11010010001101001  01  10000000  01  10010000  01  1000100111000  00  10001000  01  1000000100110       00  00    10100010010  101011011111010101110000000  1010001111110001  01  1001000110000  1000000110000  000000   REMOVED PART 1:0
0010000  11010010001101001  01  10000000  01  10010000  01  1000100111000  00  10001000  01  1000000100110       00  00  10110010010    101011011111010101110000000  1010001111110001  01  1001000110000  1000000110000  000000   REMOVED PART 1:1
0010000  11010010001101001  01  10000000  01  10010000  01  1000100111000  00  10001000  01  1000000100110       00  00    101011011111010101110000000  1010001111110001  01  1001000110000  1000000110000  000000000         REMOVED PART 1
0010000  11010010001101001  01  10000000  01  10010000  01  1000100111000  00  10001000  01  1000000100110       00  00  1011001001010100010010    1010001111110001  01  1001000110000  1000000110000  000000                 REMOVED PART 2

0010000  11010010001101001  01  10000000  01  10010000  01  1000100111000  00  10001000  01  1000000100110       00  00    10101101111 1010101110000000  1010001111110001  01  1001000110000  1000000110000  000000000         INJECTED (REMOVED PART 1)
0010000  11010010001101001  01  10000000  01  10010000  01  1000100111000                                        00  00    10101101111 1010101110000000  1010001111110001  01  1001000110000  1000000110000  0000000000        COLLAPSE
0010000  11010010001101001  01  10000000  01  10010000  01  1000100111000                                        00  00                10100010010101011011111010101110000000101000111111000101100100011000010000001100000000000     COLLAPSE 2


Confirmed blocks:
101 11000 010
101 01000 010
101 00111 00100010
101 11011 00100010
101 00111 11000010
101 11011 11000010
101 00001 10000010
101 10011 10000010
101 00111 01000010
101 10001 11000010
101 00011 00101100
101 00011 11110001

101 10010 010
101 00010 010
101 01101 1111010101110000000 1010001111110001  01  1001000110000
