

0010000  11010010001101001  01  10000000  01  10010000  01  1000100111000  00  10001000  01  100111110110111000  00  00  10110010010  10100010010  1010110111110101  01  110000000 1010001111110111000000101011011111011110111000000000000000
0010000  11010010001101001  01  10000000  01  10010000  01  1000100111000  00  10001000  01  100111110110111000  00  00  10110010010  10100010010  1010110111110101  01  110000000 1010001111110111000000101011011111011110111000000000000000


Done: 0010000  11010010001101001  01  10000000  01  10010000  01  1000100111000  00  10001000  01  100111110110111000  00  00  10110010010  10100010010  1010110111110101  01  11000000  01  01  00  01  111110111000000101011011111011110111000000000000000
Done: 0010000  11010010001101001  01  10000000  01  10010000  01  1000100111000  00  10001000  01  11010010001100101   00  00  10111100010  10101100010  1010110111110100  01  11000000  01  01  00  01  1111100010110011100100000100010 10110111110101010000000000000
Done: 0010000  11010010010011001  01  10000000  01  10010000  01  1000100111000  00  10001000  01  100111110111110110  00  00  10100100010  10101010010  1010110111110001  01  1000110110000  1000110111000  00  1011011101110111  111100000000000
Done: 0010000  11010010001101001  01  10000000  01  10010000  01  1000100111000  00  10001000  01  1001110111100       00  00  10100100010  10101010010  1010110111110110  01  11000000  01  01  00  01  111110111100000101011011111011101110000000000000
Done: 0010000  11010010111010001  01  10000000  01  10010000  01  1000100111000  00  10001000  01  100101110110110100  00  00  10101100010  10101000010  1010110111110100  01  11000000  01  01  00  01  111110110110000101011011111011000111000000000000000
Done: 0010000  11010010111010001  01  10000000  01  10010000  01  1000100111000  00  10001000  01  100110111001110100  00  00  10101010010  10101000010  1010110111110101  01  11000000  01  01  00  01  11111011001000010110000010000000000
Done: 0010000  11010010000111001  01  10000000  01  10010000  01  1000100111000  00  10001000  01  1001011111100       00  00  10110010010  10100010010  1010110111110101  01  11000000  01  01  00  01  1111100010110010110100001011000000000000
Done: 0010000  11010010110110001  01  10000000  01  10010000  01  1000100111000  00  10001000  01  100011011101100100  00  00  10111100010  10101100010  1010110111110111  10110000000  1011011101110110  00  00  00  1010110111110110  01  111000000000000000
Done: 0010000  11010010110110001  01  10000000  01  10010000  01  1000100111000  00  10001000  01  100100010000110010  00  00  10111100010  10101100010  1010110111110101  10110000000  1011011101110110  00  00  00  1010110111110110  01  111000000000000000
Done: 0010000  11010010110110001  01  10000000  01  10010000  01  1000100111000  00  10001000  01  100110111000100110  00  00  10100100010  10101010010  1010110111110110  01  11000000  01  01  1011101110110001  10000000  1010110111110110  111100000000000
Done: 0010000  11010010000111001  01  10000000  01  10010000  01  1000100111000  00  10001000  01  100010110010101110  00  00  10100100010  10101010010  1010110111110100  01  11000000  01  01  00  01  1111100010110010101100001000010110000000000
Done: 0010000  11010010100000101  01  10000000  01  10010000  01  1000100111000  00  10001000  01  100000010000100010  00  00  10111100010  10101010010  1010110111110110  10110000000  1011011101110110  01  00  00  1010110111110110  1111000000010101100010000000
Done: 0010000  11010010001101001  01  10000000  01  10010000  01  1000100111000  00  10001000  01  100011110000100010  00  00  10110010010  10100010010  1010110111110101  01  11000000  01  01  00  01  1111100010110011001100001000111000101011011111010000110000000000000
Done: 0010000  11010010101001001  01  10000000  01  10010000  01  1000100111000  00  10001000  01  100011110110110010  00  00  10111000010  10101000010  1010110111110101  01  11000000  01  01  00  01  111110111010000101011011111011000101000000000000000
Done: 0010000  11010010101001001  01  10000000  01  10010000  01  1000100111000  00  10001000  01  100011110010101110  00  00  10101010010  10100100010  1010110111110100  01  11000000  01  01  00  01  111110001011001010010011011100000010110000010000000
Done: 0010000  11010010001101001  01  10000000  01  10010000  01  1000100111000  00  10001000  01  100011010000110100  00  00  10110010010  10100010010  1010110111110101  01  11000000  01  01  00  01  11111000101100101011000010000110001010110111110101000000000
Done: 0010000  11010010110110001  01  10000000  01  10010000  01  1000100111000  00  10001000  01  100101011010111100  00  00  10111100010  10101100010  1010110111110110  10110000000  1011011101110110  00  00  00  1010110111110110  01  111000000000000000
Done: 0010000  11010010111010001  01  10000000  01  10010000  01  1000100111000  00  10001000  01  100011111000100010  00  00  10110010010  10101000010  1010110111110101  01  11000000  01  01  00  01  11111011101000010101101111101111011100000010100010010000000
Done: 0010000  11010010111010001  01  10000000  01  10010000  01  1000100111000  00  10001000  01  100000111101101100  00  00  10101010010  10101000010  1010110111110100  01  11000000  01  01  00  01  11111011110000010110000010000000000
Done: 0010000  11010010111010001  01  10000000  01  10010000  01  1000100111000  00  10001000  01  100010011101100110  00  00  10101010010  10101000010  1010110111110110  01  11000000  01  01  00  01  11111011010000010101101111101001011000000010110000010000000
Done: 0010000  11010010000111001  01  10000000  01  10010000  01  1000100111000  00  10001000  01  100101011101101100  00  00  10100100010  10101010010  1010110111110110  01  11000000  01  01  00  01  111110110110000101011011111011001111000000000000000
Done: 0010000  11010010001101001  01  10000000  01  10010000  01  1000100111000  00  10001000  01  100011111100111010  00  00  10111100010  10101100010  1010110111110101  10110000000  1010001111110110  00  00  00  1010110111110111  11101000000000000000
Done: 0010000  11010010110110001  01  10000000  01  10010000  01  1000100111000  00  10001000  01  100011111111101100  00  00  10111100010  10101100010  1010110111110111  10110000000  1011011101110110  00  00  00  1010110111110110  01  111000000000000000
Done: 0010000  11010010111010001  01  10000000  01  10010000  01  1000100111000  00  10001000  01  100110011011100100  00  00  10110010010  10101000010  1010110111110110  01  11000000  01  01  00  01  111110001011001000110000100011000010100010010000000
Done: 0010000  11010010110110001  01  10000000  01  10010000  01  1000100111000  00  10001000  01  100010110111100010  00  00  10111100010  10101100010  1010110111110101  01  11000000  01  01  1011101110110000  00  01  01  01  10111110110  01  111000000000000000
Done: 0010000  11010010101001001  01  10000000  01  10010000  01  1000100111000  00  10001000  01  100110011010110110  00  00  10111000010  10101000010  1010110111110101  01  11000000  01  01  00  01  111110111010000101011011111011000101000000000000000
Done: 0010000  11010010000111001  01  10000000  01  10010000  01  1000100111000  00  10001000  01  11010010000010101   00  00  10100100010  10101010010  1010110111110110  01  11000000  01  01  00  01  11111011000000010101101111101110010100000000
Done: 0010000  11010010111110001  01  10000000  01  10010000  01  1000100111000  00  10001000  01  100001010100100110  00  00  10100100010  10101010010  1010110111110110  10110000000  1011011101110110  01  11000000  01  01  01  10111110110  111100000000000
Done: 0010000  11010010110110001  01  10000000  01  10010000  01  1000100111000  00  10001000  01  11010010111001001   00  00  10111100010  10101100010  1010110111110111  10110000000  1011011101110110  00  00  00  1010110111110110  01  11100000000