












0010000  11010010001101001  01  10000000  01  10010000  01  1000100111000  00  10001000  01  1000000100110       00  00  10110010010 10100010010 10101101111101010111000000 01010001111110001011001000110000100000011000000000000000
0010000  11010010001101001  01  10000000  01  10010000  01  1000100111000  00  10001000  01  100110010000110100  00  00  10110010010 10100010010 10101101111101010111000000 0101000111111000101100111001000110000000000



0010000  11010010001101001  01  10000000  01  10010000  01  1000100111000  00  10001000  01  1000000100110       00  00  10110010010101000100101010110111110101011100000001010001  111110001011001000110000100000011000000000000000
0010000  11010010001101001  01  10000000  01  10010000  01  1000100111000  00  10001000  01  100110010000110100  00  00  10110010010101000100101010110111110101011100000001010001  11111000101100111001000110000000000






shields parts?
10110010010
10100010010
10101101111
1010101110000000
1010001111110001

jakobs parts:
1010111011001000
1010110011110000
1010100111110000
1010111011110000
1010100001100000
1010110011100000
1010100111010000
1010110001110000



jakobs and shield parts?
10110010010
1010111011001000
1010110011110000
1010100111110000
1010111011110000
1010100001100000
1010110011100000
1010100111010000
1010110001110000
1010101110000000
1010001001010101101111





